0 - 0 1 1.41
1 - 1 2 1.41
2 - 0 2 2.83
3 - 5 8 6.08
4 - 4 8 6.32
5 - 6 9 8.54
6 - 4 5 9.43
7 - 2 7 10.63
8 - 5 7 10.77
9 - 1 7 12.04
10 - 4 7 13.00
11 - 0 7 13.45
12 - 7 8 14.87
13 - 2 5 20.81
14 - 1 5 22.20
15 - 2 4 23.32
16 - 0 5 23.60
17 - 1 4 24.70
18 - 2 8 25.46
19 - 0 4 26.08
20 - 1 8 26.87
21 - 0 8 28.28
22 - 3 6 47.41
23 - 3 9 49.20
24 - 3 8 56.94
25 - 3 4 58.60
26 - 3 5 62.65
27 - 4 6 69.35
28 - 3 7 71.28
29 - 6 8 72.18
30 - 4 9 77.10
31 - 5 6 77.93
32 - 8 9 79.63
33 - 6 7 81.02
34 - 2 3 81.84
35 - 1 3 83.23
36 - 0 3 84.63
37 - 5 9 85.48
38 - 7 9 89.01
39 - 2 6 89.14
40 - 1 6 90.20
41 - 0 6 91.27
42 - 2 9 97.33
43 - 1 9 98.41
44 - 0 9 99.50
45 - 97 0 0.00
46 - -12853328 21925 0.00
